oW7EA0cbp3PZnAULuIFBymo9kizE
{"msg":{"voicecode":1291528,"rank":210,"vote_count":1202,"uptime":"2018-06-19 01:46:04"},"check":1,"status":true}
[123 34 109 115 103 34 58 123 34 118 111 105 99 101 99 111 100 101 34 58 49 50 57 49 53 50 56 44 34 114 97 110 107 34 58 50 49 48 44 34 118 111 116 101 95 99 111 117 110 116 34 58 49 50 48 50 44 34 117 112 116 105 109 101 34 58 34 50 48 49 56 45 48 54 45 49 57 32 48 49 58 52 54 58 48 52 34 125 44 34 99 104 101 99 107 34 58 49 44 34 115 116 97 116 117 115 34 58 116 114 117 101 125]
L123 invalid character ':' looking for beginning of value
oW7EA0U-EyYowkNaHba50dUQl8zI
{"msg":{"voicecode":1291528,"rank":209,"vote_count":1203,"uptime":"2018-06-19 01:46:05"},"check":1,"status":true}
[123 34 109 115 103 34 58 123 34 118 111 105 99 101 99 111 100 101 34 58 49 50 57 49 53 50 56 44 34 114 97 110 107 34 58 50 48 57 44 34 118 111 116 101 95 99 111 117 110 116 34 58 49 50 48 51 44 34 117 112 116 105 109 101 34 58 34 50 48 49 56 45 48 54 45 49 57 32 48 49 58 52 54 58 48 53 34 125 44 34 99 104 101 99 107 34 58 49 44 34 115 116 97 116 117 115 34 58 116 114 117 101 125]
L123 invalid character ':' looking for beginning of value
oW7EA0Z0tYn_sTXMqa1A2vSBjSDs
{"msg":{"voicecode":1291528,"rank":209,"vote_count":1204,"uptime":"2018-06-19 01:46:08"},"check":1,"status":true}
[123 34 109 115 103 34 58 123 34 118 111 105 99 101 99 111 100 101 34 58 49 50 57 49 53 50 56 44 34 114 97 110 107 34 58 50 48 57 44 34 118 111 116 101 95 99 111 117 110 116 34 58 49 50 48 52 44 34 117 112 116 105 109 101 34 58 34 50 48 49 56 45 48 54 45 49 57 32 48 49 58 52 54 58 48 56 34 125 44 34 99 104 101 99 107 34 58 49 44 34 115 116 97 116 117 115 34 58 116 114 117 101 125]
L123 invalid character ':' looking for beginning of value
